0002248
1600006
1603919
1600735
0300186
0002756
0002762
0002497
1688026
0002553
1600686
1600832
0000966
0002510
0000960
0000862
0002263
1603326
1603603
0300126
1603032
0002401
1603110
0002532
1601216
1600540
1600714
1603533
0000027
0000570
1600589
1600890
0002941
1600537
1603693
1600917
0002948
1600744
0000558
1603843
1603080
1600239
0000993
1600339
1603222
0002647
1600509
1603026
0000918
0002305
1601008
1603196
1600213
0002893
0000691
0002612
0000613
0002652
1600807
0002168
1600185
1600766
1603499
1603439
0000676
0002366
1600779
0000908
1600200
1601299
1600202
0000793
